image: map_world2018.pgm
resolution: 0.050000
origin: [-6.259428, -9.880831, 0.000000]
negate: 0
occupied_thresh: 0.65
free_thresh: 0.196

